Technology:
1. Nuro, 1200000000, 25, 2100000000
2. Hopin, 350000000, 20, 1000000000
3. Upmetrics, 50000000, 15, 110000
4. MoonPay, 250000000, 30, 650700000
5. Lumanu, 100000000, 18, 15800000

Education:
1. Linguix, 10000000, 40, 50000
2. Alma, 85000000, 28, 220500000
3. Babbel, 300000000, 25, 1000000
4. Realworld, 20000000, 22, 50000
5. Alma, 220000000, 40, 100000

Entertainment:
1. Hopin, 350000000, 20, 10000000
2. Touchland, 70000000, 18, 1000000
3. Kinship, 15000000, 30, 5000000
4. Drift, 100000000, 22, 2000
5. Crown Affair, 8000000, 25, 14600000

Retail:
1. by Humankind, 20000000, 15, 1000000
2. Nuro, 1200000000, 25, 5
3. Open, 16000000, 10, 16400000
4. Realworld, 50000000, 22, 40
5. Beauty Wellness, 14000000, 25, 10000000

Healthcare:
1. Eight Sleep, 300000000, 35, 2500000
2. Carbon Health, 500000000, 28, 100000000
3. Metagenomi, 200000000, 40, 3000000
4. Vytalize Health, 400000000, 30, 100000
5. Wonolo, 75000000, 20, 500000

